0
0.39
0.78
1.17
1.56
1.95
2.34
2.73
3.12
3.51
3.9
4.29
4.68
5.07
5.46
5.85
6.24
6.63
7.02
7.41
7.8
8.19
8.58
8.97
9.35
9.73
10.11
10.49
10.87
11.25
11.63
12.01
12.39
12.77
13.15
13.53
13.91
14.29
14.67
15.05
15.43
15.81
16.19
16.57
16.95
17.33
17.71
18.09
18.47
18.85
19.23
19.61
19.99
20.37
20.75
21.13
21.51
21.89
22.27
22.65
23.03
23.41
23.79
24.17
24.55
24.93
25.31
25.7
26.09
26.48
26.87
27.26
27.66
28.06
28.46
28.86
29.26
29.66
30.06
30.46
30.86
31.26
31.66
32.06
32.46
32.86
33.26
33.66
34.06
34.46
34.86
35.26
35.66
36.06
36.46
36.86
37.26
37.65
38.04
38.43
38.82
39.21
39.6
39.99
40.37
40.75
41.13
41.51
41.89
42.27
42.65
43.03
43.41
43.79
44.17
44.55
44.93
45.31
45.69
46.07
46.45
46.83
47.22
47.61
48
48.39
48.78
49.16
49.54
49.92
50.3
50.68
51.06
51.44
51.82
52.2
52.59
52.98
53.37
53.75
54.13
54.51
54.89
55.27
55.64
56.01
56.38
56.76
57.14
57.52
57.91
58.3
58.69
59.07
59.45
59.83
60.21
60.59
60.98
61.37
61.76
62.14
62.52
62.9
63.28
63.67
64.06
64.44
64.82
65.2
65.58
65.96
66.34
66.73
67.12
67.51
67.9
68.29
68.68
69.07
69.47
69.87
70.26
70.65
71.04
71.43
71.82
72.21
72.61
73.01
73.41
73.81
74.2
74.59
74.98
75.37
75.76
76.15
76.54
76.94
77.34
77.74
78.13
78.52
78.91
79.3
79.69
80.09
80.49
80.89
81.28
81.67
82.06
82.45
82.84
83.23
83.63
84.03
84.42
84.81
85.2
85.59
85.99
86.39
86.79
87.18
87.57
87.96
88.35
88.73
89.11
89.49
89.87
90.25
90.64
91.03
91.42
91.81
92.2
92.59
92.98
93.37
93.76
94.15
94.54
94.93
95.31
95.69
96.07
96.45
96.83
97.22
97.61
98
98.39
98.78
99.17
99.56
99.95
100.34
100.73
101.12
101.51
101.89
102.27
102.65
103.03
103.41
103.8
104.19
104.58
104.97
105.36
105.75
106.14
106.53
106.92
107.31
107.7
108.09
108.47
108.85
109.23
109.61
109.99
110.38
110.77
111.16
111.55
111.94
112.33
112.72
113.11
113.5
113.89
114.28
114.67
115.05
115.43
115.81
116.19
116.57
116.95
117.34
117.76
118.21
118.66
119.11
119.58
120.03
120.48
120.93
121.4
121.85
122.3
122.75
123.2
123.65
124.07
124.49
124.87
125.25
125.63
126.01
126.39
126.77
127.16
127.55
127.94
128.33
128.72
129.11
129.5
129.88
130.26
130.64
131.02
131.41
131.8
132.19
132.58
132.97
133.36
133.74
134.12
134.5
134.88
135.26
135.64
136.02
136.4
136.78
137.16
137.54
137.92
138.3
138.68
139.07
139.46
139.85
140.24
140.63
141.02
141.4
141.78
142.16
142.54
142.91
143.28
143.65
144.02
144.41
144.8
145.19
145.58
145.97
146.36
146.74
147.12
147.5
147.88
148.26
148.64
149.02
149.4
149.78
150.16
150.54
150.93
151.32
151.71
152.09
152.47
152.85
153.23
153.61
153.99
154.37
154.74
155.11
155.48
155.85
156.23
156.61
156.99
157.38
157.77
158.16
158.54
158.92
159.3
159.68
160.06
160.44
160.82
161.2
161.59
161.98
162.37
162.76
163.15
163.54
163.92
164.3
164.68
165.06
165.44
165.82
166.2
166.57
166.94
167.31
167.68
168.05
168.42
168.8
169.18
169.56
169.94
170.32
170.7
171.08
171.46
171.84
172.22
172.6
172.99
173.38
173.77
174.16
174.55
174.93
175.31
175.69
176.07
176.45
176.83
177.21
177.59
177.97
178.36
178.75
179.14
179.53
179.92
180.31
180.7
181.08
181.46
181.84
182.22
182.6
