0.27
0.67
1.07
1.47
1.87
2.27
2.67
3.07
3.47
3.87
4.27
4.67
5.07
5.47
5.87
6.27
6.67
7.07
7.49
7.91
8.31
8.71
9.11
9.51
9.91
10.31
10.71
11.1
11.49
11.88
12.27
12.66
13.05
13.44
13.83
14.23
14.63
15.03
15.43
15.83
16.23
16.63
17.03
17.43
17.83
18.23
18.63
19.03
19.43
19.83
20.23
20.63
21.03
21.43
21.83
22.23
22.63
23.03
23.43
23.83
24.23
24.63
25.02
25.41
25.8
26.19
26.58
26.98
27.38
27.78
28.18
28.58
28.98
29.38
29.78
30.18
30.58
30.98
31.38
31.78
32.18
32.58
32.98
33.38
33.78
34.18
34.58
35
35.42
35.84
36.26
36.68
37.1
37.52
37.94
38.34
38.74
39.14
39.54
39.94
40.33
40.72
41.11
41.5
41.89
42.28
42.67
43.06
43.45
43.84
44.23
44.62
45.02
45.42
45.84
46.26
46.68
47.08
47.48
47.88
48.28
48.67
49.06
49.45
49.84
50.23
50.62
51.01
51.4
51.79
52.19
52.59
52.99
53.39
53.79
54.19
54.59
54.99
55.39
55.79
56.19
56.59
56.99
57.39
57.79
58.19
58.59
58.99
59.39
59.79
60.19
60.59
60.99
61.39
61.79
62.19
